# Blender 4.1.0
# www.blender.org
mtllib task3.mtl
o Plane
v -9.139999 -1.000000 8.000000
v 6.860000 -1.000000 8.000000
v -9.139999 -1.000000 -8.000000
v 6.860000 -1.000000 -8.000000
vn -0.0000 1.0000 -0.0000
vt 0.000180 0.000180
vt 0.809058 0.809058
vt 0.000180 0.809058
vt 0.809058 0.000180
s 0
usemtl Material.004
f 2/1/1 3/2/1 1/3/1
f 2/1/1 4/4/1 3/2/1
o Plane.001
v -16.139999 -1.000000 15.000000
o Plane.002
v 1.000000 1.000000 -1.000000
v 1.000000 -1.000000 -1.000000
v 1.000000 1.000000 1.000000
v -1.000000 1.000000 -1.000000
v -1.000000 -1.000000 -1.000000
v -1.000000 1.000000 1.000000
v -1.000000 -1.000000 1.000000
v 1.000000 -1.000000 1.000000
vn -0.0000 -0.0000 -1.0000
vn 1.0000 -0.0000 -0.0000
vn -0.0000 1.0000 -0.0000
vn -1.0000 -0.0000 -0.0000
vn -0.0000 -0.0000 1.0000
vn -0.0000 -1.0000 -0.0000
vt 0.904619 0.620067
vt 0.857018 0.667668
vt 0.857018 0.620067
vt 0.904619 0.667668
vt 0.857018 0.715269
vt 0.952220 0.667668
vt 0.904619 0.715269
vt 0.904619 0.572467
vt 0.857018 0.572467
vt 0.857018 0.762869
vt 0.809418 0.715269
vt 0.809418 0.667668
vt 0.952220 0.715269
vt 0.904619 0.762869
s 0
usemtl Material.007
f 9/5/2 7/6/2 10/7/2
f 6/8/3 13/9/3 7/6/3
f 9/10/4 8/11/4 6/8/4
f 11/12/5 10/7/5 12/13/5
f 8/11/6 12/14/6 13/9/6
f 7/6/7 12/15/7 10/16/7
f 9/5/2 6/8/2 7/6/2
f 6/8/3 8/11/3 13/9/3
f 9/10/4 11/17/4 8/11/4
f 11/12/5 9/5/5 10/7/5
f 8/11/6 11/18/6 12/14/6
f 7/6/7 13/9/7 12/15/7
o Plane.003
v -0.864841 3.494205 1.035768
v -0.864841 1.667114 0.222294
v -0.864841 2.680732 2.862859
v -2.864841 3.494205 1.035768
v -2.864841 1.667114 0.222294
v -2.864841 2.680732 2.862859
v -2.864841 0.853641 2.049385
v -0.864841 0.853641 2.049385
vn -0.0000 0.4067 -0.9135
vn 1.0000 -0.0000 -0.0000
vn -0.0000 0.9135 0.4067
vn -1.0000 -0.0000 -0.0000
vn -0.0000 -0.4067 0.9135
vn -0.0000 -0.9135 -0.4067
vt 0.904619 0.810830
vt 0.857018 0.858430
vt 0.857018 0.810830
vt 0.904619 0.906031
vt 0.857018 0.906031
vt 0.952220 0.858430
vt 0.904619 0.858430
vt 0.904619 0.763229
vt 0.857018 0.763229
vt 0.857018 0.953632
vt 0.809418 0.906031
vt 0.809418 0.858430
vt 0.952220 0.906031
vt 0.904619 0.953632
s 0
usemtl Material.006
f 17/19/8 15/20/8 18/21/8
f 15/20/9 16/22/9 21/23/9
f 17/24/10 16/22/10 14/25/10
f 19/26/11 18/21/11 20/27/11
f 16/22/12 20/28/12 21/23/12
f 15/20/13 20/29/13 18/30/13
f 17/19/8 14/25/8 15/20/8
f 15/20/9 14/25/9 16/22/9
f 17/24/10 19/31/10 16/22/10
f 19/26/11 17/19/11 18/21/11
f 16/22/12 19/32/12 20/28/12
f 15/20/13 21/23/13 20/29/13
o Plane.004
v 0.983257 1.000000 1.731168
v 0.983257 -1.000000 1.731168
v 2.268832 1.000000 3.263257
v -0.548832 1.000000 3.016743
v -0.548832 -1.000000 3.016743
v 0.736743 1.000000 4.548832
v 0.736743 -1.000000 4.548832
v 2.268832 -1.000000 3.263257
vn -0.6428 -0.0000 -0.7660
vn 0.7660 -0.0000 -0.6428
vn -0.0000 1.0000 -0.0000
vn -0.7660 -0.0000 0.6428
vn 0.6428 -0.0000 0.7660
vn -0.0000 -1.0000 -0.0000
vt 0.904619 0.429305
vt 0.857018 0.476906
vt 0.857018 0.429305
vt 0.904619 0.476906
vt 0.857018 0.524506
vt 0.952220 0.476906
vt 0.904619 0.524506
vt 0.904619 0.381704
vt 0.857018 0.381704
vt 0.857018 0.572107
vt 0.809418 0.524506
vt 0.809418 0.476906
vt 0.952220 0.524506
vt 0.904619 0.572107
s 0
usemtl Material.005
f 25/33/14 23/34/14 26/35/14
f 22/36/15 29/37/15 23/34/15
f 25/38/16 24/39/16 22/36/16
f 27/40/17 26/35/17 28/41/17
f 24/39/18 28/42/18 29/37/18
f 23/34/19 28/43/19 26/44/19
f 25/33/14 22/36/14 23/34/14
f 22/36/15 24/39/15 29/37/15
f 25/38/16 27/45/16 24/39/16
f 27/40/17 25/33/17 26/35/17
f 24/39/18 27/46/18 28/42/18
f 23/34/19 29/37/19 28/43/19
o Plane.005
v 0.900000 1.897165 -4.120423
v 0.900000 0.099577 -4.997166
v 0.900000 1.020423 -2.322835
v -1.100000 1.897165 -4.120423
v -1.100000 0.099577 -4.997166
v -1.100000 1.020423 -2.322835
v -1.100000 -0.777165 -3.199577
v 0.900000 -0.777165 -3.199577
vn -0.0000 0.4384 -0.8988
vn 1.0000 -0.0000 -0.0000
vn -0.0000 0.8988 0.4384
vn -1.0000 -0.0000 -0.0000
vn -0.0000 -0.4384 0.8988
vn -0.0000 -0.8988 -0.4384
vt 0.095381 0.857018
vt 0.047780 0.904619
vt 0.047780 0.857018
vt 0.095381 0.952220
vt 0.047780 0.952220
vt 0.142982 0.904619
vt 0.095381 0.904619
vt 0.095381 0.809418
vt 0.047780 0.809418
vt 0.047780 0.999820
vt 0.000180 0.952220
vt 0.000180 0.904619
vt 0.142982 0.952220
vt 0.095381 0.999820
s 0
usemtl Material.001
f 33/47/20 31/48/20 34/49/20
f 31/48/21 32/50/21 37/51/21
f 33/52/22 32/50/22 30/53/22
f 35/54/23 34/49/23 36/55/23
f 32/50/24 36/56/24 37/51/24
f 31/48/25 36/57/25 34/58/25
f 33/47/20 30/53/20 31/48/20
f 31/48/21 30/53/21 32/50/21
f 33/52/22 35/59/22 32/50/22
f 35/54/23 33/47/23 34/49/23
f 32/50/24 35/60/24 36/56/24
f 31/48/25 37/51/25 36/57/25
o Plane.006
v -0.961726 2.535317 6.057816
v -0.989423 1.193906 4.574626
v -2.531091 1.630524 6.905426
v -2.201212 3.710887 5.017764
v -2.228909 2.369476 3.534574
v -3.770577 2.806094 5.865373
v -3.798274 1.464683 4.382184
v -2.558788 0.289113 5.422236
vn 0.7847 0.4524 -0.4238
vn 0.6197 -0.5878 0.5200
vn 0.0138 0.6707 0.7416
vn -0.6197 0.5878 -0.5200
vn -0.7847 -0.4524 0.4238
vn -0.0138 -0.6707 -0.7416
vt 0.857018 0.047781
vt 0.904619 0.095381
vt 0.857018 0.095381
vt 0.904619 0.142982
vt 0.857018 0.142982
vt 0.952220 0.142982
vt 0.904619 0.000180
vt 0.857018 0.000180
vt 0.857018 0.190582
vt 0.809418 0.142982
vt 0.809418 0.095381
vt 0.904619 0.047781
vt 0.952220 0.095381
vt 0.904619 0.190582
s 0
usemtl Material.002
f 42/61/26 38/62/26 39/63/26
f 39/63/27 40/64/27 45/65/27
f 38/62/28 43/66/28 40/64/28
f 43/67/29 42/61/29 44/68/29
f 40/64/30 44/69/30 45/65/30
f 39/63/31 44/70/31 42/71/31
f 42/61/26 41/72/26 38/62/26
f 39/63/27 38/62/27 40/64/27
f 38/62/28 41/73/28 43/66/28
f 43/67/29 41/72/29 42/61/29
f 40/64/30 43/74/30 44/69/30
f 39/63/31 45/65/31 44/70/31
o Plane.007
v 4.975714 1.365659 -5.158031
v 6.234581 0.549039 -3.835766
v 4.180917 2.489640 -3.707182
v 3.640217 -0.073020 -4.775084
v 4.899084 -0.889640 -3.452818
v 2.845420 1.050961 -3.324234
v 4.104287 0.234341 -2.001969
v 5.439785 1.673020 -2.384916
vn 0.3974 -0.5620 -0.7254
vn 0.6677 0.7193 -0.1915
vn -0.6294 0.4083 -0.6611
vn -0.6677 -0.7193 0.1915
vn -0.3974 0.5620 0.7254
vn 0.6294 -0.4083 0.6611
vt 0.904619 0.238543
vt 0.857018 0.286143
vt 0.857018 0.238543
vt 0.904619 0.286143
vt 0.857018 0.333744
vt 0.952220 0.333744
vt 0.904619 0.333744
vt 0.857018 0.190942
vt 0.904619 0.381345
vt 0.857018 0.381345
vt 0.809418 0.333744
vt 0.809418 0.286143
vt 0.952220 0.286143
vt 0.904619 0.190942
s 0
usemtl Material.003
f 49/75/32 47/76/32 50/77/32
f 46/78/33 53/79/33 47/76/33
f 46/78/34 51/80/34 48/81/34
f 52/82/35 49/75/35 50/77/35
f 53/79/36 51/83/36 52/84/36
f 47/76/37 52/85/37 50/86/37
f 49/75/32 46/78/32 47/76/32
f 46/78/33 48/81/33 53/79/33
f 46/78/34 49/87/34 51/80/34
f 52/82/35 51/88/35 49/75/35
f 53/79/36 48/81/36 51/83/36
f 47/76/37 53/79/37 52/85/37
